156
-372 465
183 541
-257 364
76 914
-170 29
206 779
-935 372
87 654
-719 475
371 640
-421 153
482 887
-448 819
233 742
-183 741
435 801
-558 825
273 516
-231 214
251 647
-279 419
498 675
-48 781
241 856
-639 201
96 877
-879 621
329 763
-650 219
440 656
-796 450
219 768
-987 91
337 594
-567 662
230 632
-54 667
461 830
-540 354
102 959
-826 934
297 707
-633 865
289 739
-712 30
400 633
-868 800
434 768
-541 280
457 749
-699 656
437 924
-224 977
482 785
-615 899
47 810
-35 558
220 979
-576 706
442 610
-727 449
390 668
-395 255
1 969
-381 127
238 514
-338 445
284 799
-454 650
194 681
-950 187
130 819
-882 416
140 813
-33 998
23 945
-983 337
235 760
-416 111
256 846
-990 44
426 892
-577 6
233 920
-649 697
203 664
-769 100
197 801
-155 855
253 924
-604 794
468 708
-302 620
336 636
-49 998
204 532
-154 573
40 899
-536 488
402 552
-364 314
378 793
-349 790
190 830
-59 801
316 989
-845 297
425 731
-545 425
34 584
-692 431
59 740
-563 576
199 821
-146 513
67 809
-977 611
2 852
-512 169
83 528
-916 928
396 901
-391 217
464 854
-549 639
307 913
-223 426
8 592
-658 555
360 984
-308 410
34 704
-897 232
269 739
-242 70
406 510
-531 228
282 812
-798 639
391 705
-513 283
217 937
-507 743
414 618
-976 952
147 531
-400 957
176 758
-826 458
353 544
-872 488
310 953
-626 150
433 957
-568 260
444 687
