0
1
1
2
2
2
3
3
3
3
4
4
4
4
4
5
5
5
5
5
5
6
6
6
6
6
6
6
7
7
7
7
7
7
7
7
8
8
8
8
8
8
8
8
8
9
9
9
9
9
9
9
9
9
9
10
10
10
10
10
10
10
10
10
10
10
11
11
11
11
11
11
11
11
11
11
11
11
12
12
12
12
12
12
12
12
12
12
12
12
12
13
13
13
13
13
13
13
13
13
13
13
13
13
13
14
14
14
14
14
14
14
14
14
14
14
14
14
14
14
15
15
15
15
15
15
15
15
15
15
15
15
15
15
15
15
16
16
16
16
16
16
16
16
16
16
16
16
16
16
16
16
16
17
17
17
17
17
17
17
17
17
17
17
17
17
17
17
17
17
17
18
18
18
18
18
18
18
18
18
18
18
18
18
18
18
18
18
18
18
19
19
19
19
19
19
19
19
19
19
19
19
19
19
19
19
19
19
19
19
20
20
20
20
20
20
20
20
20
20
20
20
20
20
20
20
20
20
20
20
20
21
21
21
21
21
21
21
21
21
21
21
21
21
21
21
21
21
21
21
21
21
21
22
22
22
22
22
22
22
22
22
22
22
22
22
22
22
22
22
22
22
22
22
22
22
23
23
23
23
23
23
23
23
23
23
23
23
23
23
23
23
23
23
23
23
23
23
23
23
24
24
24
24
24
24
24
24
24
24
24
24
24
24
24
24
24
24
24
24
24
24
24
24
24
25
25
25
25
25
25
25
25
25
25
25
25
25
25
25
25
25
25
25
25
25
25
25
25
25
25
26
26
26
26
26
26
26
26
26
26
26
26
26
26
26
26
26
26
26
26
26
26
26
26
26
26
26
27
27
27
27
27
27
27
27
27
27
27
27
27
27
27
27
27
27
27
27
27
27
27
27
27
27
27
27
28
28
28
28
28
28
28
28
28
28
28
28
28
28
28
28
28
28
28
28
28
28
28
28
28
28
28
28
28
29
29
29
29
29
29
29
29
29
29
29
29
29
29
29
29
29
29
29
29
29
29
29
29
29
29
29
29
29
29
30
30
30
30
30
30
30
30
30
30
30
30
30
30
30
30
30
30
30
30
30
30
30
30
30
30
30
30
30
30
30
31
31
31
31
31
31
31
31
31
31
31
31
31
31
31
31
31
31
31
31
31
31
31
31
31
31
31
31
31
31
31
31
32
32
32
32
32
32
32
32
32
32
32
32
32
32
32
32
32
32
32
32
32
32
32
32
32
32
32
32
32
32
32
32
32
33
33
33
33
33
33
33
33
33
33
33
33
33
33
33
33
33
33
33
33
33
33
33
33
33
33
33
33
33
33
33
33
33
33
34
34
34
34
34
34
34
34
34
34
34
34
34
34
34
34
34
34
34
34
34
34
34
34
34
34
34
34
34
34
34
34
34
34
34
35
35
35
35
35
35
35
35
35
35
35
35
35
35
35
35
35
35
35
35
35
35
35
35
35
35
35
35
35
35
35
35
35
35
35
35
36
36
36
36
36
36
36
36
36
36
36
36
36
36
36
36
36
36
36
36
36
36
36
36
36
36
36
36
36
36
36
36
36
36
36
36
36
37
37
37
37
37
37
37
37
37
37
37
37
37
37
37
37
37
37
37
37
37
37
37
37
37
37
37
37
37
37
37
37
37
37
37
37
37
37
38
38
38
38
38
38
38
38
38
38
38
38
38
38
38
38
38
38
38
38
38
38
38
38
38
38
38
38
38
38
38
38
38
38
38
38
38
38
38
39
39
39
39
39
39
39
39
39
39
39
39
39
39
39
39
39
39
39
39
39
39
39
39
39
39
39
39
39
39
39
39
39
39
39
39
39
39
39
39
40
40
40
40
40
40
40
40
40
40
40
40
40
40
40
40
40
40
40
40
40
40
40
40
40
40
40
40
40
40
40
40
40
40
40
40
40
40
40
40
40
41
41
41
41
41
41
41
41
41
41
41
41
41
41
41
41
41
41
41
41
41
41
41
41
41
41
41
41
41
41
41
41
41
41
41
41
41
41
41
41
41
41
42
42
42
42
42
42
42
42
42
42
42
42
42
42
42
42
42
42
42
42
42
42
42
42
42
42
42
42
42
42
42
42
42
42
42
42
42
42
42
42
42
42
42
43
43
43
43
43
43
43
43
43
43
43
43
43
43
43
43
43
43
43
43
43
43
43
43
43
43
43
43
43
43
43
43
43
43
43
43
43
43
43
43
43
43
43
43
44
44
44
44
44
44
44
44
44
44
44
44
44
44
44
44
44
44
44
44
44
44
44
44
44
44
44
44
44
44
44
44
44
44
23659658
37681074
42101874
22787074
31552236
27867376
41997186
38772701
24382441
30041653
37041199
27618947
37081892
47416214
30000544
12483268
31654032
43815577
30800503
23184609
19496406
22758348
45993184
19816565
41394783
34649564
42087587
18980567
46989103
32766033
22796901
34988839
37255156
37336672
41650814
44674318
39740185
21359375
45972366
26722637
46892231
42511459
22253543
33508983
20081423
38723365
42715721
13348807
31581793
29720463
47096836
13330107
32618750
38241334
47002507
37612935
37350998
17144900
30665112
41402627
45380785
34552471
36714732
44499550
35151422
46392226
42310477
14481418
35945825
30515621
29940221
21609233
37395128
35233631
36527135
6866046
35332194
26469334
42553223
38509625
35637853
39951288
19816586
37063047
44986103
46968271
21812373
16978542
38642598
30758842
32961451
46113728
17970462
38979111
46412630
39381576
41336537
17847730
15600887
24749981
24619122
1886044
45422313
32944269
29983519
39716181
26462908
8219816
29808513
9256609
29340398
21067979
27131946
19891387
32122270
43166172
16814128
30611609
3944973
43967875
17181399
17304240
33281009
45623621
33335521
42060910
19600152
19918683
33031536
30946102
43700689
23174938
39019080
40634595
44166657
29397720
44248434
21274111
28322731
38577660
19411435
39080008
6995510
33229259
18935026
38479276
15734657
13289772
45182995
27438318
43343091
4680059
10423709
17902828
42990218
28378614
11605723
35564457
42146068
31800198
40577680
24925981
13397458
39471059
43560657
23995203
41407925
22676615
47235349
26576298
30444033
45907200
40759102
41527591
41935544
36288097
34521412
36068252
26394183
45250029
24935929
26765408
45323032
35344601
8136314
8537014
14690677
46965929
19330685
46868088
42826018
45705637
14559463
15403368
30252502
45855289
47060218
33884429
41175933
24020452
2525056
42962188
41166701
23576097
27837789
45491922
27021191
28958706
21484256
40741143
17277255
40316407
13290373
28355756
37426304
41673113
40730046
44560078
40355743
23832577
30979136
8524125
46156928
16756497
41829400
38879662
19295438
45931304
44366398
31943649
42300437
41007627
32888986
30785847
36776824
46663811
44664734
33717960
26641883
29488584
34985207
9036589
28223804
13333318
25545737
20841148
38657521
46081679
45881175
8728363
24754895
36161379
11049113
32974336
23593571
43041889
19271519
37542117
33175451
35617309
42855916
43046710
32567424
31483367
10088515
42214286
42798648
32978822
40755635
23740080
22573694
24997125
28142658
30346345
43763665
23930039
20496840
36779986
42212418
37650317
15262306
38494342
32984803
45132719
21498019
43850148
40450336
40970920
45378109
34975754
17715813
15032107
40867043
47440751
21602820
28527907
43929143
12060611
29144920
43644403
39598026
45210681
27435029
5781803
37191519
15628497
22291261
43941126
19510282
20125581
25338200
32689524
26504108
31824475
27236088
42542885
25572638
42533294
29526603
16477554
28658521
22214335
34914889
41475275
29154176
42287108
39998003
44874151
25857823
45369546
23484003
38825605
38527394
29148695
15877203
39675795
44246956
40193045
29032167
35298949
6931249
37084454
24881787
26774708
45258898
33069534
43709459
46552072
4114243
28869703
42497425
47262244
29752671
45584339
37422780
46252447
29374549
9044461
34238335
40653102
15049195
4482795
33125261
15044089
26248240
41522566
41047470
46449451
47409776
47399730
8240844
46617282
28474349
36682299
15411103
44182487
37489292
26461447
3741017
36912169
46246446
46375025
41478833
24602716
36192370
41860636
46029708
44410541
8011737
32205420
46477460
34044834
15032432
46160711
40429621
34556520
33463514
26693113
6996716
16935294
40198736
27388298
20276683
42664181
17835155
26278127
33771676
36566730
28957321
18310230
31889932
36213031
40343459
35942247
15325614
34745069
11449701
38336238
36079254
44733373
31381468
37768928
14782906
21090558
36093763
31012724
28023381
15597973
20655595
29863189
42312448
1632077
45114075
23510671
42964588
33945301
45858845
37726815
18377631
35384973
23791390
34072585
18694054
37240110
38017597
37123804
31467570
11280555
39940354
17211081
30167693
40926346
36031081
10176289
7933739
43982714
6355143
39725087
45962641
24986186
30366245
42652470
44251554
45651938
36903651
44707262
21013833
27569265
31413090
30654737
42479506
8918121
30971307
47379635
26024431
38543732
34114333
42547775
30765670
35993725
27429057
40799769
39250489
43155165
38486433
16900195
31559738
43232041
42891670
32004147
42320726
18631289
3121854
41630845
30700141
38150567
37008932
38287955
25824268
34219189
45443530
40630583
44197335
20125746
39859328
28063143
12111917
9770928
13362704
44491990
25229502
18881971
44941251
45596298
31207886
19876329
43243687
13837076
41246365
39341592
44672443
46480591
39730232
46320672
26591338
47085264
40154195
31272410
46528871
30080349
41096720
46634749
46112042
42417884
38568052
44885334
28761751
46766016
14847175
16004306
22945174
46457584
13637102
44172394
33808867
47207485
38479400
36107670
21464509
19989629
36185628
3069050
40665559
28845338
28007074
32701781
28994470
32444803
26929939
7200732
32863912
40927891
6015800
15321083
43944690
28414839
38039610
43279002
38305699
10368481
11621554
19512950
16134171
26657553
33470042
22024802
36372039
24316673
39094528
26508820
28550772
37479323
43856751
31286627
41621004
30348697
36285886
34433574
46978930
25058154
31438625
45790201
9258620
41250739
23996295
16673087
39500896
41125888
41922337
43559281
35997628
43669136
46846531
13087041
37104269
37573875
47078873
34179389
43021537
21495799
26804541
39024145
15893657
28363214
18371108
25112217
39055211
24896831
44909924
44303965
32036543
43849734
13722328
40583321
42341043
13912232
46963965
27245477
23441337
25202318
44964590
31752430
9182752
32654271
43309563
42036676
26127665
19628861
20600273
35753028
25442891
13982683
35380662
38850420
41030158
33164224
16587159
23670414
37824229
27360390
37432599
43320556
10038903
5796096
35931812
36048896
42893759
33120032
34517460
18190418
36227232
42309448
38244991
28928642
40561238
18741975
45047548
33698591
14867478
28255411
23386514
27971201
24771710
7641153
33300752
18915514
38587352
40856619
39201336
46785111
16928732
38255387
17824479
27188806
39446840
43152541
11060250
33718065
18063978
12256593
17542236
16437269
27907544
38099427
47288918
31122891
45347958
5427805
12784808
42894052
31233594
47274339
34507118
46184744
39461635
21382886
17858106
38911793
17378485
40979632
45286028
36059900
26018526
32605508
41259670
24147715
12362191
27590685
25802631
25488813
32888021
47420351
47417151
26947767
38173594
42466033
22203125
30690671
12136933
7227979
26844198
32499630
36200551
18103166
39493326
39694734
23323290
40119427
23882530
38180353
46587695
37094279
32184602
36477428
16326626
47110355
39364541
46181148
21730496
39704028
30603256
29014777
37994409
9633687
41093915
46680537
18441833
35136334
34755805
41990611
36796695
5863071
46379822
45573346
33203535
46351396
33995436
41625000
45064061
43533739
39053352
30975832
43554858
35406362
33830365
16905452
16700381
38431537
46814839
25700002
41159299
45261004
42675021
40375259
13786856
23706248
43441771
23292180
42789886
12451070
40795560
31654288
44369300
26903849
46161522
32224857
31220206
38687845
25431565
27513161
30830354
43396217
38602301
23478989
40044770
43555008
44126707
41190217
16946821
37617974
46975044
43400484
35971620
45557905
33712332
25268541
34055387
43188512
19331883
28957606
45722940
46488446
46687317
29253504
31419803
20858414
37115747
46262121
31166313
41374396
22970949
34858542
44688080
26488044
21619746
24506095
20770100
38553285
22477994
45528838
16026632
29487146
19229368
38070220
36230724
44554275
37921824
26531027
44144481
10629260
20124243
32611994
38708745
29953488
41610317
19995389
37793701
45401397
33015371
23458814
46138452
44953345
41024529
21676861
44686313
25329381
43128419
15150822
46856024
23446350
18345646
27485590
32486615
31502190
26743308
35339031
25764455
44046983
6650072
34193875
30875119
8442633
18040285
29292512
36410341
27655994
20884406
43421841
47117754
19548853
31163117
35803168
25205252
19907382
27740860
45142741
30115333
23645178
37613368
28691957
41836307
43460373
35484179
34531453
42751552
26990391
21727767
31107665
28015110
7233368
38250262
42752002
11125375
43116577
15226579
25119923
15380305
45716558
20457292
21927713
39323820
22655816
27117894
11033380
34263911
44791416
43702312
41669363
36166639
43019808
12416172
31513137
28236649
12874122
39607105
7330104
42639759
45942485
18630322
30954602
35686910
27563724
34853877
45262503
35103845
37150556
23863170
20848707
24469243
44129068
28436092
24446599
42900158
17226982
10040990
42457620
29630456
24744704
40434558
43068540
34853791
14858425
11587787
44979155
21353402
47243653
27438987
27712268
42795321
31127018
42510851
42491106
35947570
14067299
26722353
36904472
7343130
12690426
29135631
16413979
27850910
35697289
6123819
44004458
15080442
40554196
43677547
36160687
39364341
41757018
46996220
13527002
16216846
23279813
25335337
40315877
32892299
38214345
34228294
42548941
1414213561
1414213561
1414213561
1414213561
1414213561
1414213561
1414213561
1414213561
1414213561
1414213561
1414213561
1414213561
1414213561
1414213561
1414213561
1414213561
1414213561
1414213561
1414213561
1414213561
1414213561
1414213561
1414213561
1414213561
