Bisection Method discussed in Competitive Programming 3
Lowers Limit = 0.001, Upper Limit = 1100.000
0.001 1100.000 550.000 54.999
550.000 1100.000 825.000 -522.501
550.000 825.000 687.500 -233.751
550.000 687.500 618.750 -89.376
550.000 618.750 584.375 -17.188
550.000 584.375 567.188 18.905
567.188 584.375 575.782 0.858
575.782 584.375 580.079 -8.165
575.782 580.079 577.930 -3.653
575.782 577.930 576.856 -1.397
575.782 576.856 576.319 -0.270
575.782 576.319 576.050 0.294
576.050 576.319 576.185 0.012
576.185 576.319 576.252 -0.129
576.185 576.252 576.218 -0.058
576.185 576.218 576.201 -0.023
576.185 576.201 576.193 -0.005
576.185 576.193 576.189 0.004
576.189 576.193 576.191 -0.001
576.189 576.191 576.190 0.001
576.190 576.191 576.190 0.000
Final answer = 576.190
